Таблица значений функции:
+----------+----------+
|    X     |    Y     |
+----------+----------+
|   -10.00 |      н/д |
|    -9.00 |      н/д |
|    -8.00 |      н/д |
|    -7.00 |     3.00 |
|    -6.00 |     3.00 |
|    -5.00 |     3.00 |
|    -4.00 |     3.00 |
|    -3.00 |     3.00 |
|    -2.00 |     0.76 |
|    -1.00 |     0.17 |
|     0.00 |     0.00 |
|     1.00 |     0.17 |
|     2.00 |     0.76 |
|     3.00 |     3.00 |
|     4.00 |     1.00 |
|     5.00 |    -1.00 |
|     6.00 |    -3.00 |
|     7.00 |    -2.00 |
|     8.00 |    -1.00 |
|     9.00 |     0.00 |
|    10.00 |     1.00 |
|    11.00 |     2.00 |
|    12.00 |      н/д |
|    13.00 |      н/д |
|    14.00 |      н/д |
+----------+----------+
